122
184
134
177
98
137
211
142
156
40
9
206
112
161
219
141
187
114
251
119
149
4
20
99
195
157
117
89
46
203
120
147
99
255
130
212
90
199
48
150
76
12
103
61
255
164
250
113
223
208
103
248
75
64
50
45
88
33
12
9
21
158
245
208
74
15
110
24
215
76
95
163
101
138
212
16
90
3
169
174
169
126
58
160
18
111
113
153
56
6
168
52
183
76
15
174
32
77
32
83
235
78
140
11
43
49
80
10
207
185
63
255
90
112
213
236
7
208
81
168
61
74
50
246
50
64
215
43
218
134
145
141
49
156
124
243
168
100
90
30
78
149
169
18
79
34
87
103
71
56
118
125
77
82
79
79
199
104
128
86
163
165
176
181
121
88
107
137
175
66
59
201
44
248
77
212
227
151
66
115
55
199
159
108
226
24
211
14
33
9
132
84
170
94
189
229
135
150
71
206
123
43
178
153
195
69
153
202
5
207
217
242
84
30
131
58
182
14
151
76
67
83
226
34
200
37
221
234
22
1
235
120
36
210
200
236
243
80
73
215
94
101
44
253
203
57
100
211
188
2
148
169
50
91
142
243
116
12
56
108
202
201
47
108
244
22
138
153
196
117
187
140
75
238
134
145
230
199
208
78
147
30
31
119
191
120
64
50
49
27
253
226
65
129
84
165
62
17
137
68
