152
20
244
145
92
191
201
220
200
164
29
206
2
130
226
152
78
20
214
215
60
119
118
241
254
213
111
234
147
194
106
95
157
86
38
138
94
35
38
229
200
117
1
220
196
236
127
42
12
108
35
251
103
184
252
80
194
0
7
242
216
61
45
26
140
107
51
183
122
69
188
19
50
247
61
58
236
1
167
6
139
99
150
179
43
73
14
56
28
167
193
52
74
153
184
236
72
179
172
50
44
71
160
169
167
185
146
228
221
8
158
163
173
202
189
67
159
119
68
220
138
92
116
246
164
145
72
176
30
98
187
55
209
174
113
16
233
77
216
156
124
46
241
14
204
251
76
50
12
72
12
170
87
20
239
199
186
164
141
182
35
47
166
193
192
122
226
119
