Vector Kr : 
247
188
178
43
12
60
131
22
3
218
182
79
240
128
29
210
232
48
28
17
165
31
102
100
183
62
167
234
83
12
51
77
6
129
121
97
13
140
201
190
79
26
103
52
225
205
229
210
172
114
187
58
88
87
42
50
33
150
171
119
70
199
233
53
217
41
106
85
153
2
200
18
107
53
128
43
76
44
88
75
45
38
200
26
67
53
190
91
217
27
14
18
139
109
203
235
130
122
234
110
144
116
39
85
113
97
162
79
124
135
168
135
232
177
156
248
65
205
27
148
212
81
218
112
40
153
183
94
214
12
15
37
114
30
171
217
0
212
86
38
11
209
120
96
247
54
202
243
51
237
27
34
35
38
250
184
130
30
32
239
34
59
28
118
164
61
131
82
251
234
53
244
16
250
135
18
58
170
182
97
33
141
158
146
157
46
104
238
68
138
117
158
137
40
200
224
148
172
207
202
194
112
165
234
107
43
154
77
25
155
185
141
227
211
108
238
240
242
193
121
48
120
232
207
200
38
120
101
152
157
180
38
146
84
89
244
147
24
194
143
98
170
144
170
205
142
167
41
81
21
253
190
87
253
77
89
158
185
59
205
68
196
51
188
251
233
64
207
15
64
22
153
191
30
222
226
27
39
19
178
162
23
104
118
191
246
187
225
206
33
197
134
223
104
210
65
214
199
89
214
Vector Kc : 
25
74
148
60
77
97
231
24
120
26
191
198
194
55
92
136
98
151
181
202
176
51
78
148
45
109
147
201
245
48
105
155
27
207
249
9
251
142
41
128
115
83
75
151
116
18
188
74
56
184
185
207
40
219
150
245
241
36
134
60
45
233
50
57
15
130
32
35
239
178
35
17
108
106
131
83
143
128
6
52
155
117
42
173
188
177
127
121
15
240
87
1
190
94
42
22
38
110
221
31
142
141
36
0
196
215
25
95
128
101
79
132
174
49
223
122
218
26
52
46
66
3
111
124
165
228
60
41
191
191
98
125
84
118
249
239
100
181
126
133
87
195
157
134
179
171
119
48
194
87
58
27
114
119
162
39
138
64
228
231
184
73
254
199
76
15
115
3
ITER_MAX : 
1
